36.60
38.64
3.12
57.44
52.35
41.40
80.83
23.26
15.03
14.14
96.12
52.24
77.27
52.22
67.68
87.82
45.67
63.28
52.77
93.84
5.78
27.66
58.36
70.91
68.64
82.37
97.67
57.85
64.10
37.76
3.96
21.90
48.67
25.88
7.11
45.24
65.88
22.58
50.57
22.68
95.87
81.80
76.44
95.67
57.38
69.34
34.35
60.89
80.12
86.56
76.60
8.45
48.71
29.21
86.15
64.25
29.90
36.03
46.75
33.85
34.45
43.00
5.34
70.98
31.89
74.37
95.46
22.90
32.27
69.75
87.65
37.02
72.01
67.24
7.68
48.30
93.08
37.56
16.81
5.31
84.22
91.12
79.68
34.61
61.08
60.57
54.66
87.41
97.85
95.38
29.39
60.33
87.48
91.41
89.69
33.14
99.65
18.63
54.20
20.01
26.11
3.20
28.54
88.33
51.52
66.10
33.66
59.08
64.70
20.21
40.37
66.26
29.84
79.66
99.25
19.46
70.15
41.38
88.88
83.08
77.62
57.07
18.51
58.69
51.44
25.77
11.61
32.68
85.26
2.22
65.80
30.58
68.56
34.14
31.50
1.33
41.12
12.83
76.97
40.23
41.20
45.79
10.22
47.55
17.80
37.45
10.15
11.31
35.38
94.79
78.22
97.50
85.18
58.19
60.00
28.46
31.90
94.71
1.28
31.42
66.26
81.01
97.65
42.79
4.85
46.07
68.12
61.35
76.80
40.11
33.56
53.27
63.82
45.55
9.10
25.69
14.71
48.02
25.64
1.94
38.34
41.22
80.56
50.84
90.39
48.16
79.81
45.90
7.97
2.78
74.71
55.39
13.77
51.41
15.38
93.83
6.66
1.11
39.78
97.26
79.30
63.38
92.41
20.02
54.83
16.15
20.11
89.14
14.77
33.94
23.31
93.85
97.72
17.32
51.17
32.63
85.07
85.79
16.07
87.46
53.49
85.59
69.02
46.48
66.78
3.57
21.26
49.62
99.63
71.34
19.17
89.35
34.75
90.28
80.10
58.72
51.17
7.15
74.44
2.38
26.58
22.50
95.94
92.61
9.19
19.71
96.79
22.14
76.03
61.18
76.25
78.35
83.18
9.88
2.68
39.09
31.46
99.60
17.54
9.65
15.74
95.17
16.82
2.24
0.21
55.14
30.51
44.96
63.18
33.74
24.14
95.16
84.97
36.45
27.41
24.07
10.42
73.90
54.61
33.84
3.20
42.74
19.26
66.09
23.90
98.61
60.73
61.82
5.52
76.81
94.92
36.73
70.80
58.68
72.57
42.83
34.23
78.43
79.38
97.79
58.25
14.21
39.86
76.58
87.84
9.71
93.51
76.70
70.95
28.13
96.24
87.78
82.65
49.14
62.60
19.02
10.77
81.10
5.11
64.09
27.46
75.93
45.81
11.80
66.84
1.94
72.07
43.17
52.42
51.26
83.98
90.73
69.55
32.65
33.60
74.30
57.92
28.11
87.91
68.85
7.18
72.16
56.77
4.97
74.68
46.29
14.49
49.83
8.44
68.08
9.85
67.83
50.97
94.32
2.82
13.70
19.61
50.41
88.34
68.37
8.03
44.84
67.75
87.81
29.73
26.48
6.47
98.69
29.62
95.12
72.98
41.04
22.31
81.20
88.74
27.86
76.86
69.31
30.97
64.15
57.19
51.82
21.33
44.14
44.15
64.20
2.04
23.96
10.98
71.23
48.19
49.53
97.47
44.95
89.89
4.58
29.54
99.07
21.46
31.97
60.86
22.52
55.67
73.26
71.24
84.70
41.13
65.69
42.13
69.51
98.05
33.99
44.21
31.22
43.56
14.93
13.91
55.89
71.52
56.58
66.38
54.63
23.79
41.65
90.97
11.40
40.02
94.19
1.61
57.37
1.17
42.42
69.85
46.18
88.41
27.22
50.55
60.22
63.41
64.93
21.84
86.34
38.87
96.37
99.72
61.87
48.44
79.58
55.23
5.99
44.55
12.81
57.29
20.20
49.14
6.53
88.03
62.54
57.77
58.39
29.09
74.43
50.58
23.47
96.94
66.78
94.98
13.67
13.45
52.25
34.51
4.68
33.83
44.40
45.75
76.80
18.22
31.23
10.96
66.65
25.53
70.65
98.11
60.98
28.60
48.33
61.60
20.68
98.08
84.71
77.48
83.59
79.35
77.08
4.79
57.92
91.41
15.48
21.40
84.68
9.68
16.13
16.83
17.10
55.50
75.38
37.39
37.82
4.62
58.63
69.51
10.46
43.92
3.75
16.21
41.20
51.14
36.48
68.38
8.23
46.00
66.69
97.74
1.87
62.66
58.49
1.78
7.06
23.31
44.71
11.78
50.90
50.47
86.80
35.25
32.78
41.84
65.04
40.98
52.56
45.50
20.47
11.11
52.81
15.58
60.18
78.30
95.24
99.05
80.56
38.01
98.84
2.69
59.22
76.10
77.02
15.93
15.76
80.17
24.87
20.25
43.83
9.22
23.86
98.49
72.72
81.12
51.17
68.56
25.20
99.31
3.26
5.24
0.21
81.67
69.63
81.02
23.98
72.62
21.25
52.27
81.27
16.91
10.64
40.66
59.44
48.64
15.61
11.33
12.52
1.97
97.12
29.25
79.90
81.71
83.29
82.81
74.69
41.28
36.03
0.10
90.70
2.91
4.80
47.25
63.56
21.23
22.62
90.45
61.64
34.58
53.55
23.95
75.48
70.86
58.07
14.56
20.37
74.63
2.96
90.05
66.56
0.33
5.61
3.53
63.39
72.96
69.33
38.78
29.70
52.06
35.75
82.73
41.35
47.20
53.23
80.15
58.51
24.25
35.93
3.05
0.30
10.18
67.45
12.89
92.51
51.49
84.87
66.78
85.38
6.15
64.25
20.94
62.39
52.29
17.26
14.32
38.88
78.30
99.88
73.02
79.77
78.28
28.87
62.60
48.95
14.58
99.33
28.95
40.50
24.80
97.80
11.33
30.92
44.33
9.02
81.04
35.56
87.81
21.94
58.00
47.68
82.72
50.49
84.23
88.83
76.57
98.30
87.71
0.83
45.59
12.87
53.38
65.82
17.25
94.39
28.80
49.23
81.60
47.13
31.27
22.42
6.89
87.25
90.41
36.60
94.26
49.86
55.84
87.97
2.68
70.27
22.76
34.76
50.92
49.60
80.20
1.67
56.25
53.44
66.43
34.24
1.04
33.53
23.80
46.50
27.80
7.25
81.46
38.83
51.03
77.44
58.49
49.80
39.66
25.71
72.34
45.72
67.92
66.89
57.77
44.65
54.36
8.83
50.02
17.90
9.04
22.42
62.91
11.20
86.61
90.01
96.71
80.43
0.14
66.67
44.36
42.05
84.23
58.70
24.77
97.27
9.07
96.38
61.99
0.86
37.68
53.70
45.46
10.19
87.30
47.16
52.69
68.38
3.00
27.50
88.74
46.60
76.68
63.76
98.83
94.83
47.81
7.13
40.05
27.73
3.53
13.99
56.11
3.11
55.37
1.73
85.09
33.92
7.41
8.95
44.29
11.63
46.18
32.48
78.64
8.70
76.88
17.59
29.36
71.16
2.10
84.99
78.42
8.12
89.42
88.42
50.59
34.71
2.71
9.86
10.04
27.21
77.84
16.37
71.10
4.63
8.57
21.48
53.98
60.00
70.39
17.53
55.29
26.00
51.28
70.71
70.66
74.88
76.95
99.80
1.85
20.56
15.07
91.72
4.71
11.86
18.40
42.23
85.66
80.30
19.54
48.39
34.23
33.40
21.61
21.11
87.29
64.67
38.66
30.63
56.29
85.51
27.12
45.42
13.43
70.88
15.33
76.12
24.52
50.60
82.01
89.87
36.97
71.11
56.70
17.75
79.94
98.91
14.99
38.12
10.00
35.97
19.77
82.15
40.88
70.04
16.16
74.26
28.46
88.27
22.02
89.83
43.22
41.23
68.63
85.39
51.89
56.28
37.04
32.16
46.72
64.12
4.16
63.14
6.75
20.57
59.70
25.67
48.69
76.49
80.38
17.07
26.79
73.61
50.74
69.02
70.82
20.74
1.48
37.88
9.20
36.27
95.54
53.12
10.39
25.69
29.95
73.20
89.78
0.37
36.86
99.67
71.61
33.38
61.48
3.97
65.82
91.33
66.15
28.54
18.37
77.44
60.25
34.26
20.13
70.22
83.50
79.46
14.25
44.78
77.05
32.35
24.85
19.21
60.65
38.32
40.90
77.14
97.30
86.15
28.34
79.63
67.13
43.53
10.69
94.15
91.37
60.57
53.91
36.76
44.06
72.79
14.78
44.65
64.37
69.99
63.69
70.52
35.53
35.68
72.55
17.78
27.80
3.63
66.38
16.12
12.29
22.42
73.39
70.51
40.17
66.60
72.11
3.91
47.40
84.31
26.93
53.32
88.98
24.71
23.26
72.54
28.82
46.12
50.88
79.11
75.88
85.84
68.45
92.24
12.40
11.00
15.38
71.71
37.22
52.32
54.92
74.38
19.52
83.73
21.48
40.65
70.16
24.71
44.39
7.18
31.07
22.75
25.52
47.21
71.14
51.51
6.57
99.49
20.43
5.59
79.94
93.73
56.72
46.56
67.98
5.79
43.75
56.54
20.14
79.08
8.72
85.15
54.62
29.59
38.19
33.96
1.96
12.04
66.27
8.24
91.57
61.66
26.51
80.31
58.95
42.30
40.01
50.62
41.48
25.08
16.05
63.72
73.58
93.96
48.96
34.15
88.26
24.60
4.82
64.45
81.45
11.22
5.36
92.07
97.89
22.37
32.65
84.77
52.84
51.08
97.89
15.39
12.87
87.50
40.40
85.81
20.41
82.74
48.75
37.32
61.91
91.55
24.95
79.94
47.57
78.51
44.83
96.90
91.58
47.30
2.91
32.03
56.36
6.08
68.48
47.63
51.53
13.13
21.07
48.33
59.12
56.70
78.26
2.40
89.92
10.07
76.28
56.30
63.11
69.27
15.01
30.38
40.72
24.02
32.80
4.02
42.12
34.99
33.67
47.28
9.42
90.26
49.92
32.57
94.29
92.25
86.19
64.63
89.02
82.55
57.86
0.14
30.28
46.79
6.07
89.36
62.64
54.11
44.63
61.04
60.86
76.58
69.65
89.57
74.67
2.71
42.02
28.42
78.18
6.38
34.86
67.53
76.87
57.16
23.32
74.11
49.71
61.80
82.53
5.90
81.24
7.48
50.91
44.01
69.11
37.33
10.88
78.29
76.19
25.92
36.45
92.72
33.18
38.49
58.42
40.02
87.71
51.30
1.60
65.77
38.86
82.59
55.76
40.20
92.15
33.68
52.25
83.05
19.69
67.93
31.62
21.17
12.21
61.77
3.97
1.95
65.59
46.27
23.54
96.18
52.94
20.44
21.75
63.65
95.34
58.32
68.61
21.49
59.13
50.33
61.82
51.23
75.70
16.92
74.57
3.75
1.04
7.06
28.49
12.92
6.51
47.80
96.83
8.85
19.82
42.22
83.82
29.17
15.70
22.61
71.60
63.08
89.46
53.41
73.11
26.98
33.52
44.01
80.70
62.72
76.81
75.54
54.08
70.02
40.08
67.56
48.27
33.06
6.39
10.81
42.57
78.01
5.26
70.27
94.94
2.84
61.51
19.41
12.66
53.98
65.27
0.41
99.71
85.14
78.48
18.48
14.23
22.85
4.87
68.49
45.07
80.76
15.45
61.31
95.68
9.80
39.52
64.15
45.54
45.08
2.56
94.27
44.72
12.10
16.43
8.63
85.30
84.38
5.03
13.58
85.33
42.77
78.86
77.73
15.04
72.69
55.88
69.36
93.44
49.59
62.63
54.87
83.59
5.24
39.79
88.99
19.57
38.13
19.07
99.22
4.65
29.32
34.92
17.27
30.99
52.15
83.52
38.37
84.01
18.83
44.17
95.53
11.61
89.89
33.60
20.69
57.69
83.33
72.63
26.92
82.23
59.92
6.21
86.71
16.34
27.71
32.82
0.29
29.18
4.93
67.62
44.71
16.36
3.45
84.30
69.78
54.22
46.94
55.62
59.93
3.02
17.53
39.43
12.48
83.53
32.65
37.99
92.45
96.07
89.96
91.81
11.34
98.81
82.16
56.28
43.27
13.23
75.97
49.03
35.66
78.21
69.88
49.27
93.50
31.87
93.86
76.49
16.49
60.11
90.85
75.03
46.46
14.36
24.56
83.82
38.98
67.62
91.24
75.80
7.24
47.36
73.85
10.51
99.24
56.63
66.38
54.90
59.76
70.67
13.36
92.58
97.69
75.35
54.90
59.69
25.91
95.69
41.24
16.69
66.45
48.24
82.46
89.84
16.56
39.25
28.60
93.50
52.74
22.21
33.67
74.92
9.32
22.91
42.73
6.90
5.79
37.91
55.63
90.60
12.63
13.25
63.11
20.60
39.46
14.13
21.57
7.42
1.16
3.57
31.12
48.97
67.75
58.12
8.30
91.53
32.06
62.31
99.73
23.58
35.54
39.72
65.71
1.17
77.01
98.60
73.85
12.11
91.87
92.19
82.09
48.46
29.77
20.37
57.61
71.33
77.93
27.69
73.60
20.28
73.93
85.41
49.47
40.79
27.08
80.21
51.54
77.57
20.74
70.65
51.27
8.78
99.11
13.94
45.84
77.16
51.71
10.30
82.02
7.26
96.16
59.86
88.31
85.25
25.79
77.94
12.76
17.41
32.32
68.54
84.22
76.65
35.82
13.15
63.24
92.43
54.40
91.95
25.65
39.03
24.10
18.11
26.54
29.19
36.02
32.32
25.18
26.16
91.87
74.29
12.72
45.42
92.30
20.70
73.37
29.48
62.29
54.98
27.31
44.07
87.48
13.38
48.67
61.88
81.88
33.73
25.92
71.48
32.56
18.83
33.11
73.15
70.15
14.35
10.74
0.98
95.50
93.24
12.43
40.93
52.02
32.62
60.11
98.56
71.01
67.39
64.08
6.53
33.07
5.35
7.10
52.34
82.28
92.85
61.62
49.60
2.12
26.95
8.14
72.30
11.92
20.37
49.10
20.98
71.07
39.05
67.72
92.11
84.41
48.31
63.84
77.56
86.75
23.55
10.16
29.57
47.22
4.07
11.16
88.73
74.44
94.35
14.44
87.31
23.00
46.36
19.60
8.09
97.98
88.37
53.21
0.52
30.00
1.21
30.20
29.91
46.08
81.08
1.83
63.10
93.02
69.66
98.11
74.34
79.74
76.97
8.67
89.17
92.17
69.88
10.44
70.49
0.43
50.42
42.42
91.33
21.68
1.82
48.48
31.60
23.86
37.30
57.69
82.48
56.09
47.13
48.04
41.36
69.10
2.61
44.72
32.68
45.99
42.21
36.36
95.58
97.75
34.78
54.36
37.94
90.59
87.47
49.09
68.34
63.06
41.79
14.20
82.23
59.51
80.48
55.87
96.72
53.64
49.61
76.96
99.72
60.88
86.03
48.07
3.28
41.55
28.31
67.14
68.59
78.15
80.95
67.06
0.48
69.61
96.33
16.92
93.26
22.80
36.55
76.72
46.08
37.59
78.12
7.35
56.55
75.22
26.67
8.59
43.72
72.12
15.72
55.80
48.45
11.09
74.07
33.18
7.83
90.10
59.53
15.80
3.23
35.47
73.26
35.97
36.98
90.26
88.83
80.09
1.29
71.84
52.45
1.66
64.86
32.77
37.19
3.15
17.75
78.45
62.61
35.08
82.91
91.61
23.45
83.93
24.04
89.11
6.61
72.40
53.92
89.42
13.39
75.14
74.43
0.86
46.17
61.10
60.58
49.73
62.71
9.72
33.95
55.61
49.58
12.10
58.26
26.13
16.54
60.91
29.47
88.13
68.19
52.87
25.96
93.36
65.99
76.59
30.45
37.61
54.29
34.65
34.83
9.93
87.01
54.17
91.18
45.09
58.61
72.62
78.22
87.14
12.11
46.83
10.89
83.96
70.07
22.33
32.42
24.17
10.15
17.30
93.70
95.85
85.76
21.04
42.27
94.10
74.75
80.11
14.75
29.20
24.05
47.36
50.83
90.54
46.63
98.30
24.29
2.70
18.78
77.83
17.11
69.70
20.21
25.69
46.44
40.89
57.21
43.86
91.11
47.67
10.05
10.66
54.05
54.27
49.90
17.58
40.33
37.55
77.32
2.47
26.55
61.02
45.20
80.18
46.74
36.44
41.78
26.13
22.21
72.78
26.36
51.08
18.57
96.75
29.71
16.89
21.62
91.61
54.03
81.66
85.85
41.90
33.07
30.31
23.93
90.45
42.22
41.94
74.01
10.91
80.34
68.86
2.50
74.40
80.40
53.72
74.53
41.83
44.45
91.26
51.64
44.98
39.83
48.73
56.89
28.73
38.20
95.38
81.10
14.71
26.85
55.37
90.99
11.93
72.40
90.85
39.82
44.27
71.14
42.39
74.00
86.34
77.43
2.27
75.77
99.46
61.72
73.16
80.95
37.68
13.24
69.14
63.36
50.25
68.74
49.08
83.20
41.18
18.56
33.57
55.14
59.27
13.78
45.44
3.82
82.81
74.34
31.53
39.44
31.80
76.68
68.47
4.05
87.53
82.11
29.03
10.49
24.77
51.71
87.03
20.10
64.47
82.53
68.88
82.87
36.85
91.03
17.32
94.28
3.77
64.41
19.35
6.62
27.00
98.28
64.34
69.65
84.90
39.87
40.50
65.01
33.65
60.23
48.50
42.42
81.14
85.70
9.39
61.26
91.96
29.36
70.81
91.04
69.96
76.60
70.03
26.16
71.13
95.24
95.44
26.39
84.28
60.50
99.22
2.97
79.35
7.66
52.78
31.93
64.07
51.40
4.18
91.47
8.41
39.36
91.91
88.14
93.32
40.22
93.09
57.59
15.36
1.22
35.71
